[about-bg.jpg]
filters=bw=1;bw=1;bw=1;sat=1,-0.426901;PicnikGrain=1,10.000000,0;PicnikGrain=1,12.573099,0;CrossProcess=1,4.093567;Vignette=1,47.953217,1.660819,16.374269,00000000;
moddate=393081916dd8d001
width=1754
height=664
textactive=0
[contact-bg.jpg]
filters=crop64=1,20440200fb76a7ff;bw=1;radsat=1,0.654167,0.259375,0.000000,0.409357;dir_tint=1,0.650000,0.223437,0.269006,0.532164,ffffffff,0;
crop=rect64(20440200fb76a7ff)
moddate=8370c14d70d8d001
width=960
height=640
textactive=0
